30
50 BREW -2 0 0 -2 13 3 4 0 0
57 BREW 0 0 -2 -2 15 1 2 0 0
59 BREW -2 0 0 -3 14 0 0 0 0
48 BREW 0 -2 -2 0 10 0 0 0 0
61 BREW 0 0 0 -4 16 0 0 0 0
32 LEARN 1 1 3 -2 0 0 7 0 1
39 LEARN 0 0 -2 2 0 1 3 0 1
6 LEARN 2 1 -2 1 0 2 0 0 1
24 LEARN 0 3 0 -1 0 3 0 0 1
17 LEARN -2 0 1 0 0 4 0 0 1
29 LEARN -5 0 0 2 0 5 0 0 1
78 CAST 2 0 0 0 0 -1 -1 1 0
79 CAST -1 1 0 0 0 -1 -1 1 0
80 CAST 0 -1 1 0 0 -1 -1 1 0
81 CAST 0 0 -1 1 0 -1 -1 1 0
86 CAST -2 2 0 0 0 -1 -1 1 1
88 CAST 3 0 1 -1 0 -1 -1 1 1
89 CAST -3 3 0 0 0 -1 -1 1 1
90 CAST 2 -2 0 1 0 -1 -1 1 1
91 CAST 4 1 -1 0 0 -1 -1 1 1
92 CAST -3 1 1 0 0 -1 -1 1 1
93 CAST 0 -2 2 0 0 -1 -1 0 1
94 CAST 0 0 -3 3 0 -1 -1 1 1
95 CAST 0 2 -1 0 0 -1 -1 1 1
96 CAST 2 2 0 -1 0 -1 -1 1 1
82 OPPONENT_CAST 2 0 0 0 0 -1 -1 0 0
83 OPPONENT_CAST -1 1 0 0 0 -1 -1 0 0
84 OPPONENT_CAST 0 -1 1 0 0 -1 -1 1 0
85 OPPONENT_CAST 0 0 -1 1 0 -1 -1 0 0
87 OPPONENT_CAST 0 2 0 0 0 -1 -1 1 0
2 0 2 0 56
2 2 0 0 53