31
56 BREW 0 -2 -3 0 16 3 2 0 0
42 BREW -2 -2 0 0 7 1 3 0 0
70 BREW -2 -2 0 -2 15 0 0 0 0
55 BREW 0 -3 -2 0 12 0 0 0 0
64 BREW 0 0 -2 -3 18 0 0 0 0
31 LEARN 0 3 2 -2 0 0 5 0 1
23 LEARN 1 -3 1 1 0 1 3 0 1
8 LEARN 3 -2 1 0 0 2 2 0 1
20 LEARN 2 -2 0 1 0 3 2 0 1
1 LEARN 3 -1 0 0 0 4 2 0 1
0 LEARN -3 0 0 1 0 5 0 0 1
78 CAST 2 0 0 0 0 -1 -1 1 0
79 CAST -1 1 0 0 0 -1 -1 1 0
80 CAST 0 -1 1 0 0 -1 -1 1 0
81 CAST 0 0 -1 1 0 -1 -1 1 0
87 CAST 0 3 0 -1 0 -1 -1 1 1
88 CAST 0 -3 3 0 0 -1 -1 1 1
90 CAST 0 0 -2 2 0 -1 -1 1 1
91 CAST 0 0 1 0 0 -1 -1 1 0
92 CAST 0 0 2 -1 0 -1 -1 1 1
93 CAST 3 0 1 -1 0 -1 -1 1 1
94 CAST 4 0 0 0 0 -1 -1 1 0
95 CAST -2 0 -1 2 0 -1 -1 1 1
97 CAST -4 0 1 1 0 -1 -1 1 1
82 OPPONENT_CAST 2 0 0 0 0 -1 -1 1 0
83 OPPONENT_CAST -1 1 0 0 0 -1 -1 1 0
84 OPPONENT_CAST 0 -1 1 0 0 -1 -1 1 0
85 OPPONENT_CAST 0 0 -1 1 0 -1 -1 1 0
86 OPPONENT_CAST 0 0 0 1 0 -1 -1 0 0
89 OPPONENT_CAST 0 -3 3 0 0 -1 -1 1 1
96 OPPONENT_CAST -3 1 1 0 0 -1 -1 1 1
5 0 0 0 32
0 0 0 2 57